8.361999999999994770e+01 2.000000000000000000e+01 8.817769234691767988e-01
1.074600000000000080e+02 0.000000000000000000e+00 9.179665013928274275e-01
1.284600000000000364e+02 0.000000000000000000e+00 9.371701118580484380e-01
1.475000000000000000e+02 2.000000000000000000e+01 9.490765341579835424e-01
1.652199999999999989e+02 2.000000000000000000e+01 9.571822943936205697e-01
1.817800000000000296e+02 0.000000000000000000e+00 9.630574441650227024e-01
1.975600000000000023e+02 0.000000000000000000e+00 9.675117947343119251e-01
2.268399999999999750e+02 0.000000000000000000e+00 9.738190204784065163e-01
3.035999999999999091e+02 0.000000000000000000e+00 9.834424679281820181e-01
3.487800000000000296e+02 0.000000000000000000e+00 9.866961463323569159e-01
4.481799999999999500e+02 2.000000000000000000e+00 9.910729849773519673e-01
4.841713739632616580e+02 1.600000000000000000e+01 9.921096701146303598e-01
5.352852978199472318e+02 2.000000000000000000e+00 9.932792852913224779e-01
6.883885623398637108e+02 0.000000000000000000e+00 9.954989899826456323e-01
8.217290064428018468e+02 1.000000000000000000e+00 9.966145697512014401e-01
9.442474192842139473e+02 0.000000000000000000e+00 9.972860508133942758e-01
1.262439473095834273e+03 2.000000000000000000e+01 9.982968721707985438e-01
1.446682688638328273e+03 3.000000000000000000e+00 9.986349910724783285e-01
1.628996997937229935e+03 2.000000000000000000e+01 9.988608094144882932e-01
1.702392282606933122e+03 1.000000000000000000e+00 9.989477639706026979e-01
1.775256692619929481e+03 2.000000000000000000e+00 9.990223420597131865e-01
1.856973673308012621e+03 0.000000000000000000e+00 9.990870130102582625e-01
