8.051999999999995339e+01 2.000000000000000000e+01 8.848381835232782544e-01
1.026600000000000250e+02 2.000000000000000000e+01 9.201688109446387598e-01
1.220600000000000307e+02 0.000000000000000000e+00 9.389004809676469998e-01
1.395000000000000000e+02 0.000000000000000000e+00 9.505068532335392284e-01
1.556200000000000045e+02 0.000000000000000000e+00 9.584044155445260449e-01
1.706800000000000068e+02 2.000000000000000000e+01 9.641263306559114676e-01
1.848600000000000136e+02 2.000000000000000000e+01 9.684629850214081515e-01
2.112399999999999807e+02 2.000000000000000000e+01 9.746009052965213248e-01
2.798999999999999773e+02 3.000000000000000000e+00 9.839582415861698461e-01
3.196800000000000068e+02 1.800000000000000000e+01 9.871190159757897709e-01
4.069800000000000182e+02 2.000000000000000000e+01 9.913674068220225122e-01
4.382199999999999704e+02 0.000000000000000000e+00 9.923728985205171327e-01
4.830000000000000568e+02 2.000000000000000000e+01 9.935068646144142868e-01
6.148584947905372928e+02 4.000000000000000000e+00 9.956572121574267520e-01
7.282782559237541591e+02 4.000000000000000000e+00 9.967367936602995471e-01
8.300991160687982529e+02 1.000000000000000000e+00 9.973860876687620225e-01
1.097653818128192597e+03 0.000000000000000000e+00 9.983624771747039439e-01
1.251981299624257190e+03 1.200000000000000000e+01 9.986886842326454516e-01
1.395435692981895045e+03 0.000000000000000000e+00 9.989064032887705613e-01
1.461262644518185198e+03 1.700000000000000000e+01 9.989901938718641627e-01
1.522571167576804100e+03 1.000000000000000000e+00 9.990620346229022175e-01
1.598283111710164349e+03 0.000000000000000000e+00 9.991243291333697929e-01
