8.191999999999995907e+01 2.000000000000000000e+01 8.888794057859263908e-01
9.186000000000001364e+01 1.900000000000000000e+01 9.230708331345263140e-01
1.097600000000000477e+02 2.000000000000000000e+00 9.411715982566232208e-01
1.267209832396266904e+02 2.000000000000000000e+00 9.523768971492850843e-01
1.412199999999999989e+02 2.000000000000000000e+00 9.599965452455287984e-01
1.544800000000000182e+02 1.900000000000000000e+01 9.655142497516679967e-01
1.639161111090518261e+02 1.900000000000000000e+01 9.696942921699599482e-01
3.335399999999999636e+02 1.600000000000000000e+01 9.756063766313011199e-01
4.588795361629563558e+02 1.900000000000000000e+01 9.846130945710406257e-01
4.615283572256228126e+02 2.000000000000000000e+01 9.876526565623227061e-01
4.537109419771868488e+02 1.000000000000000000e+00 9.917345987569722299e-01
4.628131892232883047e+02 2.000000000000000000e+00 9.926999429524135943e-01
4.606164714493162933e+02 1.700000000000000000e+01 9.937881982948643111e-01
4.945861759954006516e+02 1.300000000000000000e+01 9.958502288738925179e-01
8.844276181776497197e+02 2.000000000000000000e+01 9.968843495932662169e-01
6.394055116674048804e+02 1.500000000000000000e+01 9.975059992504532458e-01
1.272615980808825498e+03 1.700000000000000000e+01 9.984397310588065677e-01
1.062625315148161690e+03 1.800000000000000000e+01 9.987514288703314147e-01
9.905895063537408305e+02 0.000000000000000000e+00 9.989593227246812424e-01
1.159743150064617112e+03 6.000000000000000000e+00 9.990393012280889273e-01
1.293205933756738432e+03 2.000000000000000000e+01 9.991078635268155761e-01
1.396331183693766434e+03 1.100000000000000000e+01 9.991672797365280800e-01
