7.571999999999997044e+01 2.000000000000000000e+01 8.878534899072318964e-01
9.586000000000001364e+01 2.000000000000000000e+01 9.223314490166405477e-01
1.131600000000000534e+02 2.000000000000000000e+01 9.405932513114804161e-01
1.286999999999999886e+02 0.000000000000000000e+00 9.519013095644310862e-01
1.429200000000000159e+02 0.000000000000000000e+00 9.595922501198640431e-01
1.561800000000000068e+02 0.000000000000000000e+00 9.651623463917279322e-01
1.684600000000000080e+02 0.000000000000000000e+00 9.693825980540088372e-01
1.914399999999999693e+02 2.000000000000000000e+01 9.753534683350679746e-01
2.502999999999999829e+02 1.800000000000000000e+01 9.844496155965364315e-01
2.831800000000000068e+02 1.900000000000000000e+01 9.875197859237351272e-01
3.562799999999999727e+02 0.000000000000000000e+00 9.916436913982917822e-01
3.832199999999999704e+02 1.000000000000000000e+00 9.926191278971697729e-01
4.198000000000000114e+02 2.000000000000000000e+01 9.937188528526635922e-01
5.284316460107582998e+02 1.900000000000000000e+01 9.958030111261462203e-01
6.204764362996949103e+02 1.900000000000000000e+01 9.968485281825691935e-01
6.994932897971868897e+02 3.000000000000000000e+00 9.974769662346049115e-01
9.092999884206886918e+02 1.900000000000000000e+01 9.984212545382882276e-01
1.031148118163807794e+03 1.900000000000000000e+01 9.987364693774533064e-01
1.143202530236987513e+03 3.000000000000000000e+00 9.989467420834686751e-01
1.191320569696355506e+03 2.000000000000000000e+00 9.990276474447640220e-01
1.249012642308792465e+03 1.800000000000000000e+01 9.990970047434764023e-01
1.299596129340071457e+03 0.000000000000000000e+00 9.991571237370284742e-01
