7.511999999999994770e+01 0.000000000000000000e+00 8.880690023882611417e-01
9.526000000000001933e+01 2.000000000000000000e+01 9.224858132381543729e-01
1.122600000000000477e+02 2.000000000000000000e+01 9.407138595184441066e-01
1.276999999999999886e+02 0.000000000000000000e+00 9.520004743294117056e-01
1.418199999999999932e+02 2.000000000000000000e+01 9.596765654487720010e-01
1.550800000000000125e+02 2.000000000000000000e+01 9.652357472019559292e-01
1.667600000000000193e+02 2.000000000000000000e+01 9.694476461281967827e-01
1.896399999999999579e+02 1.400000000000000000e+01 9.754065433909770988e-01
2.468999999999999773e+02 2.000000000000000000e+01 9.844840289117519072e-01
2.802800000000000296e+02 1.800000000000000000e+01 9.875477562768421036e-01
3.519800000000000182e+02 1.900000000000000000e+01 9.916628389406626498e-01
3.778199999999999932e+02 2.000000000000000000e+01 9.926361508408378942e-01
4.134000000000000341e+02 5.000000000000000000e+00 9.937334663353072362e-01
5.193616786065455244e+02 0.000000000000000000e+00 9.958129854845788609e-01
6.099232938507869903e+02 2.000000000000000000e+01 9.968561376777480554e-01
6.895067835475379070e+02 0.000000000000000000e+00 9.974831248842346287e-01
8.936702841417975378e+02 0.000000000000000000e+00 9.984252033213286692e-01
1.019056460274771212e+03 4.000000000000000000e+00 9.987396604988427740e-01
1.122259257290402275e+03 0.000000000000000000e+00 9.989494287333913203e-01
1.169325411127838834e+03 1.000000000000000000e+01 9.990301352174348892e-01
1.221005692426103451e+03 6.000000000000000000e+00 9.990993248637505264e-01
1.263051333360246645e+03 5.000000000000000000e+00 9.991592973361335117e-01
