7.641999999999995907e+01 2.000000000000000000e+01 8.875407316630169463e-01
9.676000000000001933e+01 2.000000000000000000e+01 9.221073978960727668e-01
1.143600000000000421e+02 2.000000000000000000e+01 9.404181775229415452e-01
1.300999999999999943e+02 0.000000000000000000e+00 9.517573239559898868e-01
1.445200000000000102e+02 2.000000000000000000e+01 9.594697911939847890e-01
1.579800000000000182e+02 0.000000000000000000e+00 9.650556910391965282e-01
1.703600000000000136e+02 2.000000000000000000e+01 9.692880447340289640e-01
1.939399999999999693e+02 0.000000000000000000e+00 9.752762856091798938e-01
2.537999999999999829e+02 1.700000000000000000e+01 9.843995049873547343e-01
2.877800000000000296e+02 2.000000000000000000e+01 9.874790347618690456e-01
3.627799999999999727e+02 1.800000000000000000e+01 9.916157464174123470e-01
3.892199999999999704e+02 1.900000000000000000e+01 9.925942744625707581e-01
4.263000000000000114e+02 1.900000000000000000e+01 9.936975046713960591e-01
5.370546919010752163e+02 1.900000000000000000e+01 9.957884156753175064e-01
6.337339771349767261e+02 8.000000000000000000e+00 9.968373913108223849e-01
7.185390349043000242e+02 1.900000000000000000e+01 9.974679419223718702e-01
9.336235283224278874e+02 0.000000000000000000e+00 9.984154610704135679e-01
1.056815870929373887e+03 2.000000000000000000e+00 9.987317784667250065e-01
1.177625042389217697e+03 1.700000000000000000e+01 9.989427915988517981e-01
1.234192838543301605e+03 2.000000000000000000e+01 9.990239809726647602e-01
1.273566173170548154e+03 2.000000000000000000e+00 9.990935880969997740e-01
1.332202183922136783e+03 0.000000000000000000e+00 9.991539243612017618e-01
