7.051999999999995339e+01 2.000000000000000000e+01 8.888699579642607151e-01
9.146000000000000796e+01 1.800000000000000000e+01 9.230632590072362920e-01
1.107600000000000477e+02 0.000000000000000000e+00 9.411655793902260481e-01
1.246999999999999886e+02 1.900000000000000000e+01 9.523719341400834759e-01
1.391200000000000045e+02 1.700000000000000000e+01 9.599922952612064408e-01
1.529800000000000182e+02 1.400000000000000000e+01 9.655105184416914454e-01
1.643600000000000136e+02 1.900000000000000000e+01 9.696910449756078743e-01
1.870399999999999636e+02 2.000000000000000000e+00 9.756049235116036611e-01
2.383999999999999773e+02 1.000000000000000000e+00 9.846122554362546353e-01
2.682800000000000296e+02 1.000000000000000000e+00 9.876517718269273161e-01
3.838166817249419864e+02 2.000000000000000000e+00 9.917336858205060279e-01
4.611274263604821613e+02 6.000000000000000000e+00 9.926989644452456352e-01
4.301194090044581912e+02 1.700000000000000000e+01 9.937874576770722168e-01
4.963425611680737006e+02 1.000000000000000000e+00 9.958497421847931630e-01
5.742720139108230342e+02 0.000000000000000000e+00 9.968840679985865316e-01
6.562149176738695360e+02 1.000000000000000000e+01 9.975056966113392543e-01
8.495621182223130745e+02 2.000000000000000000e+00 9.984395990515375630e-01
9.634648469125147585e+02 0.000000000000000000e+00 9.987512868782923992e-01
1.080668483144150741e+03 2.000000000000000000e+01 9.989591888675357634e-01
1.037800626213766009e+03 7.000000000000000000e+00 9.990391709875268145e-01
1.076129783379337823e+03 1.300000000000000000e+01 9.991077541492450198e-01
1.190158533345060732e+03 2.000000000000000000e+01 9.991671779058816094e-01
