7.861999999999994770e+01 0.000000000000000000e+00 8.862740056321750659e-01
9.986000000000001364e+01 2.000000000000000000e+01 9.211993765260649836e-01
1.182600000000000477e+02 0.000000000000000000e+00 9.397079622525933429e-01
1.349999999999999716e+02 0.000000000000000000e+00 9.511726686703320111e-01
1.502199999999999989e+02 2.000000000000000000e+01 9.589720736793362343e-01
1.644800000000000182e+02 2.000000000000000000e+01 9.646218355768935160e-01
1.777600000000000193e+02 0.000000000000000000e+00 9.689031410829376245e-01
2.026399999999999579e+02 2.000000000000000000e+01 9.749615863476163158e-01
2.668999999999999773e+02 1.900000000000000000e+01 9.841944593201102931e-01
3.038800000000000523e+02 1.900000000000000000e+01 9.873119773083146589e-01
3.848799999999999955e+02 2.000000000000000000e+00 9.915008208694814362e-01
4.137199999999999704e+02 4.000000000000000000e+00 9.924919117903677757e-01
4.551999999999999886e+02 1.700000000000000000e+01 9.936094577707063058e-01
5.758564553698644204e+02 0.000000000000000000e+00 9.957279969684333931e-01
6.804807933439627732e+02 2.000000000000000000e+00 9.967911671288069986e-01
7.735008173127437203e+02 1.000000000000000000e+01 9.974303949495861854e-01
1.015847483356691328e+03 0.000000000000000000e+00 9.983912453183674263e-01
1.153351299651841600e+03 0.000000000000000000e+00 9.987121157501169799e-01
1.285804737435279321e+03 0.000000000000000000e+00 9.989262084556215227e-01
1.345061743900485908e+03 1.800000000000000000e+01 9.990085963402268732e-01
1.401586747343320894e+03 1.400000000000000000e+01 9.990792332432751888e-01
1.458688936536750134e+03 1.200000000000000000e+01 9.991404654205322533e-01
