8.021999999999994202e+01 1.000000000000000000e+00 8.888770261018871244e-01
9.146000000000000796e+01 1.000000000000000000e+00 9.230692408274920879e-01
1.097600000000000477e+02 2.000000000000000000e+01 9.411703206307988623e-01
1.257066217516576216e+02 1.700000000000000000e+01 9.523758546607443698e-01
1.381200000000000045e+02 2.000000000000000000e+00 9.599956572811931821e-01
1.540589468911086897e+02 2.000000000000000000e+00 9.655134355168201177e-01
1.638748469535095751e+02 2.000000000000000000e+00 9.696935913299270515e-01
1.894399999999999693e+02 1.900000000000000000e+01 9.756070314064362314e-01
4.518999999999999773e+02 1.900000000000000000e+01 9.846125182048157676e-01
3.084316867174589447e+02 9.000000000000000000e+00 9.876527791369398290e-01
4.584314342947348564e+02 1.100000000000000000e+01 9.917343419490222134e-01
4.592783283801937273e+02 4.000000000000000000e+00 9.926997197542127838e-01
4.548610738034506085e+02 6.000000000000000000e+00 9.937880332038471209e-01
4.994339809368195233e+02 5.000000000000000000e+00 9.958501467579158328e-01
5.935989254179933141e+02 0.000000000000000000e+00 9.968843544828347447e-01
6.414400273158365735e+02 7.000000000000000000e+00 9.975059297652123513e-01
8.500124040659561615e+02 1.300000000000000000e+01 9.984397511960803051e-01
1.013859050060585787e+03 0.000000000000000000e+00 9.987514118805458363e-01
9.893619766260468396e+02 1.200000000000000000e+01 9.989592884329236977e-01
1.124301741590974871e+03 1.900000000000000000e+01 9.990392684386715239e-01
1.118252854126769535e+03 0.000000000000000000e+00 9.991078400221390377e-01
1.129771537550929679e+03 6.000000000000000000e+00 9.991672740436413624e-01
