7.131999999999996476e+01 0.000000000000000000e+00 8.888152990634149431e-01
9.186000000000001364e+01 2.000000000000000000e+01 9.230224785278774435e-01
1.102600000000000477e+02 1.900000000000000000e+01 9.411334635266622728e-01
1.235999999999999943e+02 0.000000000000000000e+00 9.523454512339171174e-01
1.381200000000000045e+02 1.800000000000000000e+01 9.599697750853003475e-01
1.502050514722349135e+02 1.600000000000000000e+01 9.654909066068108059e-01
1.629600000000000080e+02 1.000000000000000000e+00 9.696736421664290395e-01
1.836399999999999579e+02 1.700000000000000000e+01 9.755907485616038821e-01
2.388999999999999773e+02 2.000000000000000000e+01 9.846031293092776249e-01
2.678075594544974365e+02 1.000000000000000000e+00 9.876443885614170082e-01
3.363799999999999955e+02 1.700000000000000000e+01 9.917287885903164346e-01
3.591839967114200931e+02 1.700000000000000000e+01 9.926947520764383137e-01
3.955999999999999659e+02 1.500000000000000000e+01 9.937836956517314135e-01
4.854352297979580726e+02 4.000000000000000000e+00 9.958471539533230166e-01
6.768889680907932416e+02 2.000000000000000000e+01 9.968818334299868189e-01
7.784224021854115563e+02 2.000000000000000000e+01 9.975038530677653448e-01
8.433624580417655352e+02 1.100000000000000000e+01 9.984385972747811255e-01
8.979337717970042831e+02 2.000000000000000000e+01 9.987504694277845596e-01
1.029523964965995674e+03 1.900000000000000000e+01 9.989585294139891047e-01
1.088530700080504630e+03 2.000000000000000000e+01 9.990385491820427122e-01
1.244946550087856622e+03 8.000000000000000000e+00 9.991071418583508112e-01
1.231110482153532757e+03 2.000000000000000000e+01 9.991666162504417859e-01
