8.441999999999995907e+01 0.000000000000000000e+00 8.888811397123757008e-01
9.136000000000001364e+01 1.900000000000000000e+01 9.230719937907562178e-01
1.097600000000000477e+02 1.900000000000000000e+01 9.411725244933301093e-01
1.271999999999999886e+02 0.000000000000000000e+00 9.523776702269726169e-01
1.396200000000000045e+02 1.800000000000000000e+01 9.599972052110924414e-01
1.539800000000000182e+02 1.900000000000000000e+01 9.655147905673691078e-01
1.648600000000000136e+02 1.900000000000000000e+01 9.696947963523708802e-01
4.485400486411990073e+02 8.000000000000000000e+00 9.756062568944483537e-01
4.596978354068808699e+02 1.600000000000000000e+01 9.846135312095419811e-01
4.342685539001125790e+02 1.000000000000000000e+00 9.876530180801387226e-01
4.575084724263489306e+02 4.000000000000000000e+00 9.917347811689591897e-01
4.626679296803096690e+02 1.000000000000000000e+00 9.927000815365607522e-01
4.601635105576373235e+02 5.000000000000000000e+00 9.937883042156456792e-01
4.614656447679141138e+02 1.500000000000000000e+01 9.958502614359269201e-01
6.201634557674735788e+02 1.600000000000000000e+01 9.968844909884474470e-01
7.672989007321543795e+02 1.200000000000000000e+01 9.975060185975817006e-01
8.738521031817920175e+02 1.500000000000000000e+01 9.984398136645079580e-01
1.009831992759430705e+03 6.000000000000000000e+00 9.987514701870815470e-01
1.100188244972687471e+03 2.000000000000000000e+01 9.989593491862144292e-01
1.356886680759999763e+03 1.900000000000000000e+01 9.990393142263496173e-01
1.241381417101305260e+03 0.000000000000000000e+00 9.991078858492210557e-01
1.209838569743877542e+03 1.000000000000000000e+00 9.991673089956520926e-01
