7.091999999999995907e+01 2.000000000000000000e+01 8.888620756066782924e-01
9.136000000000001364e+01 1.700000000000000000e+01 9.230572483718452181e-01
1.102600000000000477e+02 3.000000000000000000e+00 9.411608364803032423e-01
1.250999999999999943e+02 1.600000000000000000e+01 9.523680082150745019e-01
1.391200000000000045e+02 2.000000000000000000e+01 9.599889868168899332e-01
1.534800000000000182e+02 1.900000000000000000e+01 9.655076111547227224e-01
1.628600000000000136e+02 1.900000000000000000e+01 9.696884467029331933e-01
1.841399999999999579e+02 1.700000000000000000e+01 9.756028019448106381e-01
2.433999999999999773e+02 2.000000000000000000e+00 9.846108917708286112e-01
2.748800000000000523e+02 2.000000000000000000e+01 9.876506934257197612e-01
3.433799999999999955e+02 1.700000000000000000e+01 9.917330661742668196e-01
3.688420602284619463e+02 2.000000000000000000e+01 9.926985327104813628e-01
4.216138598793492633e+02 5.000000000000000000e+00 9.937869033163209131e-01
5.000300925072219798e+02 8.000000000000000000e+00 9.958493586990428970e-01
5.825652668086114545e+02 9.000000000000000000e+00 9.968837814749607062e-01
6.850084081221261840e+02 5.000000000000000000e+00 9.975054594430113886e-01
8.531671605267054019e+02 2.000000000000000000e+01 9.984394490055245042e-01
9.218414460440744733e+02 2.000000000000000000e+01 9.987511673951608993e-01
1.031176396902278611e+03 2.000000000000000000e+01 9.989590927204593518e-01
1.088143896479730529e+03 2.000000000000000000e+01 9.990391025107336898e-01
1.102891515164895054e+03 8.000000000000000000e+00 9.991076695360501247e-01
1.380620294441840542e+03 0.000000000000000000e+00 9.991670851232152817e-01
