7.091999999999995907e+01 0.000000000000000000e+00 8.888473865975435872e-01
9.186000000000001364e+01 2.000000000000000000e+01 9.230462269561372501e-01
1.091600000000000534e+02 1.000000000000000000e+00 9.411521484609500776e-01
1.252325606431974734e+02 2.000000000000000000e+00 9.523608352550897438e-01
1.396200000000000045e+02 1.900000000000000000e+01 9.599828504000543772e-01
1.519800000000000182e+02 2.000000000000000000e+00 9.655023055463070047e-01
1.623600000000000136e+02 1.700000000000000000e+01 9.696837354486218530e-01
1.840399999999999636e+02 1.700000000000000000e+01 9.755989625951492217e-01
2.404999999999999716e+02 2.000000000000000000e+01 9.846084312914346048e-01
2.711800000000000068e+02 2.000000000000000000e+00 9.876486878792161139e-01
3.383799999999999955e+02 1.300000000000000000e+01 9.917317144574138155e-01
3.587240981985994495e+02 0.000000000000000000e+00 9.926973336705957607e-01
3.893000000000000114e+02 1.900000000000000000e+01 9.937859159621005301e-01
4.909814688953700852e+02 1.900000000000000000e+01 9.958486562083364024e-01
5.772609395389767997e+02 0.000000000000000000e+00 9.968832494453744308e-01
1.214860525331583176e+03 0.000000000000000000e+00 9.975043293857919213e-01
8.327943335550204438e+02 8.000000000000000000e+00 9.984392025576214191e-01
1.009025448758531411e+03 1.700000000000000000e+01 9.987509303524746418e-01
1.128043393710218425e+03 1.000000000000000000e+00 9.989588989709696776e-01
1.045447382329831726e+03 1.000000000000000000e+00 9.990389087227692366e-01
1.119690104642968436e+03 2.000000000000000000e+01 9.991075009031787912e-01
1.266127327640047497e+03 1.300000000000000000e+01 9.991669556313356182e-01
