7.731999999999996476e+01 2.000000000000000000e+01 8.870618824942365643e-01
9.806000000000000227e+01 0.000000000000000000e+00 9.217642779628675287e-01
1.160600000000000307e+02 2.000000000000000000e+01 9.401499298337530064e-01
1.320999999999999943e+02 2.000000000000000000e+01 9.515366112396329568e-01
1.468199999999999932e+02 0.000000000000000000e+00 9.592819841478258391e-01
1.605800000000000125e+02 0.000000000000000000e+00 9.648920523228528001e-01
1.734600000000000080e+02 0.000000000000000000e+00 9.691429294518483228e-01
1.974399999999999693e+02 2.000000000000000000e+01 9.751577207722478269e-01
2.590000000000000000e+02 1.900000000000000000e+01 9.843223829265700386e-01
2.948800000000000523e+02 2.000000000000000000e+01 9.874162525425885795e-01
3.714800000000000182e+02 1.900000000000000000e+01 9.915726274752055813e-01
3.992199999999999704e+02 1.800000000000000000e+01 9.925558860278990148e-01
4.384000000000000341e+02 4.000000000000000000e+00 9.936645091830161869e-01
5.522894101535566733e+02 2.000000000000000000e+01 9.957658146034016333e-01
6.509063112667267887e+02 0.000000000000000000e+00 9.968201228208302123e-01
7.390463523482779920e+02 0.000000000000000000e+00 9.974539300330023117e-01
9.658166614597773787e+02 1.900000000000000000e+01 9.984064459960603211e-01
1.095327782606718074e+03 0.000000000000000000e+00 9.987244628654807777e-01
1.215898942281379959e+03 6.000000000000000000e+00 9.989366294786161671e-01
1.272236665515312097e+03 6.000000000000000000e+00 9.990182662758804177e-01
1.328865617092887305e+03 2.000000000000000000e+01 9.990882593458769723e-01
1.383197605403827311e+03 0.000000000000000000e+00 9.991489283685317524e-01
