7.241999999999995907e+01 0.000000000000000000e+00 8.887226017920435428e-01
9.256000000000000227e+01 0.000000000000000000e+00 9.229550869743945452e-01
1.095600000000000591e+02 2.000000000000000000e+01 9.410806282015082846e-01
1.241999999999999886e+02 1.900000000000000000e+01 9.523019687147631362e-01
1.381200000000000045e+02 2.000000000000000000e+01 9.599328071968039611e-01
1.504800000000000182e+02 1.900000000000000000e+01 9.654587424998950507e-01
1.628600000000000136e+02 3.000000000000000000e+00 9.696451581100464789e-01
1.835399999999999636e+02 2.000000000000000000e+01 9.755675494512825452e-01
2.383999999999999773e+02 2.000000000000000000e+01 9.845881573369629214e-01
2.693491977846334180e+02 1.400000000000000000e+01 9.876322589882829961e-01
3.374800000000000182e+02 1.800000000000000000e+01 9.917205298760140009e-01
3.611407040748069903e+02 2.000000000000000000e+00 9.926874112537402706e-01
3.949000000000000341e+02 1.000000000000000000e+00 9.937774190866591750e-01
4.908585538900807705e+02 1.800000000000000000e+01 9.958429143063709521e-01
5.745854488209699866e+02 1.400000000000000000e+01 9.968788867874223136e-01
6.606976286642815239e+02 0.000000000000000000e+00 9.975015331392129703e-01
8.961138994967227518e+02 1.000000000000000000e+00 9.984368627528866780e-01
9.278957550366972100e+02 1.000000000000000000e+00 9.987491431577169010e-01
1.034558316268505678e+03 4.000000000000000000e+00 9.989573978536603338e-01
1.081345303168928467e+03 1.000000000000000000e+00 9.990375158823037172e-01
1.178836806454771022e+03 4.000000000000000000e+00 9.991061895645664270e-01
1.178840674365867017e+03 1.200000000000000000e+01 9.991657343208050213e-01
