7.001999999999995339e+01 2.000000000000000000e+01 8.888746270514860104e-01
9.196000000000000796e+01 1.900000000000000000e+01 9.230668769294273490e-01
1.112600000000000477e+02 1.700000000000000000e+01 9.411684691892009402e-01
1.262386665195983824e+02 2.000000000000000000e+01 9.523743009582753549e-01
1.401200000000000045e+02 2.000000000000000000e+01 9.599943285051880659e-01
1.537800000000000296e+02 1.000000000000000000e+00 9.655122860309668376e-01
1.653996208003668471e+02 1.000000000000000000e+00 9.696926045138549721e-01
1.886399999999999579e+02 0.000000000000000000e+00 9.756061972272663807e-01
3.645006531237563081e+02 0.000000000000000000e+00 9.846122816695318525e-01
4.577800000000000296e+02 1.000000000000000000e+00 9.876515523793121254e-01
4.593364145997468881e+02 0.000000000000000000e+00 9.917339625102389311e-01
4.590714873705683772e+02 1.900000000000000000e+01 9.926994172748890843e-01
4.598000000000000114e+02 1.000000000000000000e+00 9.937877739459733961e-01
4.852318660371243482e+02 1.000000000000000000e+00 9.958499688988082799e-01
6.200040377013317539e+02 1.200000000000000000e+01 9.968842275275694442e-01
6.329372823817179778e+02 1.700000000000000000e+01 9.975058342177129944e-01
1.255671325168473686e+03 1.800000000000000000e+01 9.984395983386142870e-01
9.196553612545505985e+02 5.000000000000000000e+00 9.987513612326834878e-01
1.060273863503260600e+03 1.700000000000000000e+01 9.989592499321835462e-01
1.281623579404431212e+03 2.000000000000000000e+01 9.990392350295189683e-01
1.079126909702582907e+03 1.200000000000000000e+01 9.991078243172427653e-01
1.183462964900026691e+03 2.000000000000000000e+01 9.991672437169010212e-01
