7.461999999999994770e+01 2.000000000000000000e+01 8.882237783521894636e-01
9.466000000000002501e+01 0.000000000000000000e+00 9.225967052029021565e-01
1.117600000000000477e+02 0.000000000000000000e+00 9.408004934926241791e-01
1.270000000000000000e+02 2.000000000000000000e+00 9.520716924641773327e-01
1.409200000000000159e+02 2.000000000000000000e+01 9.597371059195347609e-01
1.538800000000000239e+02 0.000000000000000000e+00 9.652884508461779811e-01
1.660600000000000023e+02 0.000000000000000000e+00 9.694943323813142166e-01
1.880399999999999636e+02 1.600000000000000000e+01 9.754446206319349333e-01
2.454999999999999716e+02 1.900000000000000000e+01 9.845086962990406976e-01
2.782800000000000296e+02 1.900000000000000000e+01 9.875677938898393959e-01
3.492799999999999727e+02 0.000000000000000000e+00 9.916765348724214668e-01
3.736199999999999477e+02 2.000000000000000000e+00 9.926483306789258831e-01
4.103000000000000114e+02 0.000000000000000000e+00 9.937439179217235630e-01
5.131400302454375151e+02 0.000000000000000000e+00 9.958201144301027652e-01
6.026433682467837798e+02 0.000000000000000000e+00 9.968615601114222402e-01
6.814397862244846920e+02 1.400000000000000000e+01 9.974875189608379822e-01
8.800504845886769090e+02 1.400000000000000000e+01 9.984280123531692475e-01
1.007115782849779862e+03 5.000000000000000000e+00 9.987419338009937420e-01
1.102996995212326055e+03 1.500000000000000000e+01 9.989513392448556850e-01
1.158452168209810907e+03 1.400000000000000000e+01 9.990319039782835642e-01
1.164523665717451877e+03 0.000000000000000000e+00 9.991009432740278751e-01
1.249716444107469442e+03 2.000000000000000000e+01 9.991608419785991124e-01
