8.951999999999995339e+01 0.000000000000000000e+00 8.731967739471094836e-01
1.167600000000000193e+02 2.000000000000000000e+01 9.117446550111533154e-01
1.414600000000000364e+02 0.000000000000000000e+00 9.322529067179453621e-01
1.642999999999999829e+02 0.000000000000000000e+00 9.449902891450328024e-01
1.856200000000000045e+02 2.000000000000000000e+01 9.536742745260993193e-01
2.057800000000000296e+02 2.000000000000000000e+01 9.599764877759286996e-01
2.251600000000000250e+02 0.000000000000000000e+00 9.647597707731058181e-01
2.614399999999999409e+02 2.000000000000000000e+01 9.715417765962224284e-01
3.585000000000000000e+02 0.000000000000000000e+00 9.819174247813694523e-01
4.165799999999999841e+02 0.000000000000000000e+00 9.854361473600962151e-01
5.471799999999999500e+02 1.700000000000000000e+01 9.901826470710334283e-01
5.953894681781656573e+02 0.000000000000000000e+00 9.913098574684193753e-01
6.643480574668541294e+02 0.000000000000000000e+00 9.925834067886811773e-01
8.730231278010871847e+02 0.000000000000000000e+00 9.950071675402327731e-01
1.059740007044119920e+03 3.000000000000000000e+00 9.962299718146075955e-01
1.234223461190254966e+03 9.000000000000000000e+00 9.969681667022641802e-01
1.698835948228386314e+03 2.000000000000000000e+01 9.980838786879028257e-01
1.977992308204665505e+03 1.900000000000000000e+01 9.984587873535445413e-01
2.241941462390846027e+03 0.000000000000000000e+00 9.987098642804456139e-01
2.364960314546764494e+03 2.000000000000000000e+01 9.988067177356489967e-01
2.502141297893736919e+03 1.000000000000000000e+00 9.988898747374845843e-01
2.607800000000000182e+03 0.000000000000000000e+00 9.989620700947026144e-01
