9.801999999999995339e+01 0.000000000000000000e+00 8.285734573923992929e-01
1.352600000000000193e+02 2.000000000000000000e+01 8.782922702784238256e-01
1.716600000000000534e+02 2.000000000000000000e+01 9.052341311666126655e-01
2.070999999999999943e+02 2.000000000000000000e+01 9.221458546331899875e-01
2.415200000000000102e+02 0.000000000000000000e+00 9.337663773686996072e-01
2.750800000000000409e+02 0.000000000000000000e+00 9.422555619317664055e-01
3.077599999999999909e+02 0.000000000000000000e+00 9.487373046261046161e-01
3.719399999999999409e+02 0.000000000000000000e+00 9.579995427618207549e-01
5.535762025078322495e+02 0.000000000000000000e+00 9.723969519208511825e-01
6.709904168622157385e+02 1.400000000000000000e+01 9.773712543181891643e-01
9.526142454171844065e+02 8.000000000000000000e+00 9.841984866940728383e-01
1.062541913813503470e+03 0.000000000000000000e+00 9.858474692317176213e-01
1.225953596353052944e+03 1.900000000000000000e+01 9.877280177070969502e-01
1.754968431989365399e+03 2.000000000000000000e+01 9.913754222920639902e-01
2.272723348732505656e+03 1.000000000000000000e+01 9.932648399641761383e-01
2.781671993821231354e+03 1.700000000000000000e+01 9.944296024254004607e-01
4.291398133502421842e+03 2.000000000000000000e+01 9.962425700335120204e-01
5.287717363405359720e+03 8.000000000000000000e+00 9.968730269873565808e-01
6.245720986305516817e+03 2.000000000000000000e+01 9.973041580141570606e-01
6.793306944940852190e+03 2.000000000000000000e+00 9.974728984509120266e-01
7.261651334108633819e+03 0.000000000000000000e+00 9.976189900870215954e-01
7.863696265458463131e+03 0.000000000000000000e+00 9.977467723405210043e-01
