1.027199999999999704e+02 2.000000000000000000e+01 1.418138626882991526e-01
1.042600000000000193e+02 2.000000000000000000e+01 1.964976169541282069e-01
1.058600000000000421e+02 0.000000000000000000e+00 2.424361630330686412e-01
1.075999999999999943e+02 2.000000000000000000e+01 2.809204637155139905e-01
1.095200000000000102e+02 0.000000000000000000e+00 3.130661502461645762e-01
1.115800000000000125e+02 0.000000000000000000e+00 3.398370455835211801e-01
1.138600000000000136e+02 2.000000000000000000e+01 3.620663777749766332e-01
1.192399999999999523e+02 2.000000000000000000e+01 3.956875926122094822e-01
2.451999999999999886e+02 1.900000000000000000e+01 4.583898930103934011e-01
2.556800000000000352e+02 2.000000000000000000e+01 4.977255462663242036e-01
3.963799999999999955e+02 2.000000000000000000e+01 5.521560199469013330e-01
4.076199999999999477e+02 2.000000000000000000e+01 5.707028526461772611e-01
4.260999999999999659e+02 2.000000000000000000e+01 5.899687697984760115e-01
7.153230360859239454e+02 0.000000000000000000e+00 6.375709266744092885e-01
1.012573726273200805e+03 2.000000000000000000e+01 6.662212127214580670e-01
1.193641431429454997e+03 2.000000000000000000e+01 6.868150117340577898e-01
2.117767516388319564e+03 2.000000000000000000e+00 7.235793654366559080e-01
2.746079876911521751e+03 2.000000000000000000e+01 7.383866488415893325e-01
3.381161146637622551e+03 0.000000000000000000e+00 7.493642444366076516e-01
3.700649968547278604e+03 2.000000000000000000e+01 7.538784437772082514e-01
4.021381428991428038e+03 1.000000000000000000e+00 7.578957907713357312e-01
4.343398838511087888e+03 2.000000000000000000e+00 7.614980338308472430e-01
