1.044199999999999591e+02 2.000000000000000000e+01 4.744921925679956853e-02
1.051600000000000250e+02 6.000000000000000000e+00 6.822729050105261206e-02
1.059600000000000364e+02 2.000000000000000000e+01 8.724214197901990209e-02
1.067999999999999829e+02 0.000000000000000000e+00 1.046311521615718582e-01
1.077199999999999989e+02 0.000000000000000000e+00 1.205218591204539197e-01
1.086800000000000068e+02 5.000000000000000000e+00 1.350326031257080006e-01
1.095600000000000023e+02 0.000000000000000000e+00 1.482734078653381304e-01
1.116399999999999579e+02 0.000000000000000000e+00 1.713453493426481677e-01
1.192999999999999829e+02 0.000000000000000000e+00 2.193036958279906690e-01
2.359800000000000182e+02 0.000000000000000000e+00 2.289047794444283024e-01
2.538799999999999955e+02 0.000000000000000000e+00 2.810948485165354338e-01
2.594200000000000159e+02 0.000000000000000000e+00 2.955754129655016049e-01
2.684000000000000341e+02 2.000000000000000000e+01 3.123158435082149520e-01
4.156799999999999500e+02 0.000000000000000000e+00 3.530540053835768965e-01
5.658649386173940457e+02 2.000000000000000000e+01 3.803647843295783759e-01
7.180718247763633144e+02 0.000000000000000000e+00 4.004809379323096552e-01
1.183061602406064594e+03 2.000000000000000000e+01 4.394266837610416587e-01
1.498176669141221964e+03 2.000000000000000000e+01 4.561649996583928557e-01
1.816221470673785689e+03 0.000000000000000000e+00 4.689623000308140721e-01
1.976181600856951945e+03 0.000000000000000000e+00 4.743271767749168699e-01
2.136668942374498329e+03 0.000000000000000000e+00 4.791556028284726931e-01
2.297823303718055286e+03 2.000000000000000000e+00 4.835307448789371021e-01
