9.821999999999997044e+01 0.000000000000000000e+00 4.858954732506326479e-01
1.023600000000000136e+02 0.000000000000000000e+00 6.070638847059192100e-01
1.071600000000000534e+02 0.000000000000000000e+00 6.828247045278312832e-01
1.128999999999999773e+02 0.000000000000000000e+00 7.292933717350791323e-01
1.199200000000000159e+02 2.000000000000000000e+01 7.573266409327148452e-01
1.289800000000000182e+02 0.000000000000000000e+00 7.743124368554460402e-01
2.249600000000000080e+02 0.000000000000000000e+00 7.828657201127504628e-01
2.405399999999999636e+02 2.000000000000000000e+01 8.280723006621847349e-01
3.760000000000000000e+02 0.000000000000000000e+00 8.810023170887175681e-01
4.045799999999999841e+02 2.000000000000000000e+01 9.041426921874513578e-01
6.756282624590700152e+02 2.000000000000000000e+01 9.312377943311690442e-01
7.072410052016476811e+02 1.000000000000000000e+00 9.388848577970672071e-01
8.555942364593399816e+02 0.000000000000000000e+00 9.467737280015383616e-01
1.328180027000679274e+03 2.000000000000000000e+01 9.619926299802126213e-01
1.925563431946960463e+03 2.000000000000000000e+01 9.698053918297965259e-01
2.426123069845606551e+03 2.000000000000000000e+01 9.745765034580264885e-01
4.437126543913350361e+03 2.000000000000000000e+01 9.818736076029773718e-01
5.858400239235340450e+03 0.000000000000000000e+00 9.843727022369247459e-01
7.305136364627956027e+03 2.000000000000000000e+01 9.860705231379603974e-01
8.096723619876393059e+03 1.900000000000000000e+01 9.867328307955267608e-01
9.016370899377167007e+03 2.000000000000000000e+00 9.873058190738789319e-01
9.818159163236656241e+03 2.000000000000000000e+01 9.878075324608366348e-01
