3.858199999999999363e+02 2.000000000000000000e+01 8.280603493666175430e-01
3.848600000000000136e+02 1.200000000000000000e+01 9.026235289874818823e-01
3.836600000000000250e+02 2.000000000000000000e+01 9.337972850191564866e-01
3.804000000000000341e+02 0.000000000000000000e+00 9.493342197992279408e-01
3.139199999999999591e+02 0.000000000000000000e+00 9.587491106767700444e-01
2.529800000000000182e+02 0.000000000000000000e+00 9.648901840587763568e-01
2.014600000000000080e+02 0.000000000000000000e+00 9.693260578798409410e-01
1.872399999999999523e+02 2.000000000000000000e+01 9.754052171992285691e-01
2.832999999999999545e+02 2.000000000000000000e+01 9.844746801318516871e-01
3.293800000000000523e+02 0.000000000000000000e+00 9.875410963168685941e-01
4.276799999999999500e+02 4.000000000000000000e+00 9.916592281493746830e-01
4.618760057631055815e+02 1.900000000000000000e+01 9.926331855076669930e-01
5.107740402930022583e+02 0.000000000000000000e+00 9.937311692594545942e-01
6.487080999830803876e+02 1.900000000000000000e+01 9.958117575519683795e-01
7.682341202420650461e+02 1.100000000000000000e+01 9.968553300874354317e-01
8.744579413720205139e+02 3.000000000000000000e+00 9.974825441893839795e-01
1.142349159325664004e+03 1.000000000000000000e+00 9.984248927941027363e-01
1.298350029982096430e+03 1.100000000000000000e+01 9.987394282484172159e-01
1.464917161465836216e+03 0.000000000000000000e+00 9.989492210559901553e-01
1.512221452769581902e+03 2.000000000000000000e+01 9.990299658743228006e-01
1.546834739520614903e+03 2.000000000000000000e+01 9.990991661934370827e-01
1.629071928885103944e+03 1.700000000000000000e+01 9.991591562238959501e-01
