9.681999999999996476e+01 2.000000000000000000e+01 5.867446397380343681e-01
1.019600000000000080e+02 0.000000000000000000e+00 7.102808298176138679e-01
1.082600000000000477e+02 0.000000000000000000e+00 7.793388835027780237e-01
1.157999999999999829e+02 2.000000000000000000e+01 8.169886497753012788e-01
1.255200000000000102e+02 2.000000000000000000e+01 8.372874254249895731e-01
2.118800000000000239e+02 2.000000000000000000e+01 8.411616504759669155e-01
2.290600000000000023e+02 0.000000000000000000e+00 8.668590504346204151e-01
2.445399999999999636e+02 2.000000000000000000e+01 8.992819743848671221e-01
3.856999999999999318e+02 0.000000000000000000e+00 9.366510498514096783e-01
4.249800000000000750e+02 8.000000000000000000e+00 9.491107519272183879e-01
6.979367388804159873e+02 0.000000000000000000e+00 9.671361609298079198e-01
8.314726487951317040e+02 1.900000000000000000e+01 9.710027492947680416e-01
9.865200645352673519e+02 2.000000000000000000e+01 9.754747181311071991e-01
1.489497902205035643e+03 2.000000000000000000e+01 9.836157521013794147e-01
2.108557022022059755e+03 2.000000000000000000e+01 9.875410381219902334e-01
2.843161252578395306e+03 2.000000000000000000e+01 9.898308717472350526e-01
5.051080914884881167e+03 1.800000000000000000e+01 9.931819778871077142e-01
6.656924233120894314e+03 2.000000000000000000e+01 9.942819665879731872e-01
8.450395892552269288e+03 0.000000000000000000e+00 9.950150541058602194e-01
9.335547369053656439e+03 1.000000000000000000e+00 9.952979828501545834e-01
1.039196474391387528e+04 1.000000000000000000e+00 9.955410885227166107e-01
1.135159037542635087e+04 5.000000000000000000e+00 9.957526113067437512e-01
