9.911999999999994770e+01 2.000000000000000000e+01 4.183686653859239324e-01
1.025600000000000023e+02 2.000000000000000000e+01 5.333172112484790839e-01
1.066600000000000534e+02 0.000000000000000000e+00 6.100503935540738665e-01
1.113999999999999773e+02 0.000000000000000000e+00 6.605182828629543312e-01
1.171200000000000045e+02 0.000000000000000000e+00 6.932362036734045496e-01
1.240800000000000125e+02 2.000000000000000000e+01 7.143036771814038621e-01
2.194600000000000080e+02 2.000000000000000000e+01 7.141872381741598552e-01
2.381399999999999579e+02 2.000000000000000000e+01 7.658780797694983988e-01
2.752999999999999545e+02 0.000000000000000000e+00 8.324357274297182752e-01
3.969800000000000750e+02 2.000000000000000000e+01 8.594021827861767493e-01
5.617336590111043506e+02 0.000000000000000000e+00 8.951092480877910207e-01
6.928761760943277750e+02 2.000000000000000000e+01 9.040662480469923157e-01
8.370624977325293230e+02 0.000000000000000000e+00 9.144875860708817639e-01
1.189889166658472277e+03 0.000000000000000000e+00 9.361221200991810543e-01
1.771625805384572686e+03 2.000000000000000000e+01 9.476103216453990452e-01
2.255226192584313139e+03 0.000000000000000000e+00 9.548235634909236769e-01
3.983684307074735443e+03 2.000000000000000000e+00 9.661601325315123390e-01
5.247438254144399252e+03 2.000000000000000000e+01 9.701794533434868750e-01
6.530156912066619043e+03 1.000000000000000000e+00 9.729578039845535598e-01
7.302898950823621817e+03 2.000000000000000000e+00 9.740574064868599002e-01
8.080452402758042808e+03 2.000000000000000000e+01 9.750105754745309605e-01
8.734530511042330545e+03 9.000000000000000000e+00 9.758515046255273884e-01
