4.611602759966443159e+02 2.000000000000000000e+00 8.277268325912663371e-01
4.590600000000000591e+02 0.000000000000000000e+00 9.024904087732653624e-01
4.555600000000000023e+02 0.000000000000000000e+00 9.337623469972203827e-01
3.859999999999999432e+02 0.000000000000000000e+00 9.498251088680514931e-01
3.183200000000000500e+02 2.000000000000000000e+01 9.589452170322195768e-01
3.122799999999999727e+02 2.000000000000000000e+01 9.648922340514411999e-01
2.562600000000000477e+02 0.000000000000000000e+00 9.693314920862285966e-01
1.839399999999999693e+02 2.000000000000000000e+01 9.754396971910150871e-01
2.778999999999999773e+02 2.000000000000000000e+01 9.845023777983713531e-01
3.248800000000000523e+02 2.000000000000000000e+01 9.875630803970663063e-01
4.221799999999999500e+02 2.000000000000000000e+01 9.916738919932880370e-01
4.577167384200411107e+02 1.600000000000000000e+01 9.926461421946084496e-01
5.034368596825007671e+02 6.000000000000000000e+00 9.937422101948434339e-01
6.406799609930719726e+02 2.000000000000000000e+01 9.958191786821281033e-01
7.592351324770709198e+02 1.400000000000000000e+01 9.968609493823976653e-01
8.634692961475319635e+02 2.000000000000000000e+01 9.974870672437322616e-01
1.125632327408623041e+03 0.000000000000000000e+00 9.984277707237284583e-01
1.267676441379953758e+03 1.000000000000000000e+00 9.987417512219879390e-01
1.412417814698552093e+03 2.000000000000000000e+01 9.989511959802718222e-01
1.487173812676818670e+03 0.000000000000000000e+00 9.990317720863808315e-01
1.556835889104371745e+03 2.000000000000000000e+01 9.991008502654906698e-01
1.607056191809660731e+03 1.000000000000000000e+00 9.991607363612635684e-01
