2.216199999999999477e+02 2.000000000000000000e+01 7.923775562738387679e-01
1.605600000000000023e+02 2.000000000000000000e+01 8.928866219843347718e-01
1.611600000000000534e+02 0.000000000000000000e+00 9.291255234320758838e-01
1.230999999999999943e+02 1.400000000000000000e+01 9.483204551765945789e-01
1.378199999999999932e+02 0.000000000000000000e+00 9.577130707316415803e-01
1.556800000000000068e+02 2.000000000000000000e+01 9.635474377749873032e-01
2.273600000000000136e+02 2.000000000000000000e+01 9.678102625490351274e-01
2.477399999999999523e+02 2.000000000000000000e+01 9.743517982482836626e-01
3.320000000000000000e+02 2.000000000000000000e+01 9.838561902962129624e-01
3.869800000000000750e+02 2.000000000000000000e+01 9.870546323449815862e-01
5.021148563680217762e+02 1.000000000000000000e+00 9.913357743138585532e-01
5.433188246375937069e+02 1.400000000000000000e+01 9.923474741075053451e-01
6.021129383947596807e+02 1.000000000000000000e+00 9.934876165588041319e-01
7.732830242242640679e+02 1.700000000000000000e+01 9.956474372759376301e-01
9.221218586590330233e+02 1.900000000000000000e+01 9.967306314611651397e-01
1.055078703603618806e+03 1.700000000000000000e+01 9.973817256256080066e-01
1.399053537152151648e+03 5.000000000000000000e+00 9.983602818041511506e-01
1.602276441796838299e+03 1.400000000000000000e+01 9.986870684724690195e-01
1.784622750324895378e+03 2.000000000000000000e+01 9.989051278369515119e-01
1.869714076501988529e+03 2.000000000000000000e+01 9.989890460148053153e-01
1.953792734306272223e+03 5.000000000000000000e+00 9.990609971091994890e-01
2.038676764313076546e+03 1.400000000000000000e+01 9.991233727293321598e-01
