3.080199999999999818e+02 0.000000000000000000e+00 8.213943533445893230e-01
3.075600000000000591e+02 2.000000000000000000e+01 8.993939387606671998e-01
3.068600000000000705e+02 1.000000000000000000e+00 9.322838951033531885e-01
3.044000000000000341e+02 0.000000000000000000e+00 9.485815903372599722e-01
2.427199999999999989e+02 0.000000000000000000e+00 9.584516523590767001e-01
2.383800000000000239e+02 0.000000000000000000e+00 9.645761511610085881e-01
1.613600000000000136e+02 2.000000000000000000e+01 9.692424542283619715e-01
1.982399999999999523e+02 0.000000000000000000e+00 9.752360558284972614e-01
2.956999999999999318e+02 2.000000000000000000e+01 9.843793274312938602e-01
3.425799999999999841e+02 2.000000000000000000e+01 9.874648016397866712e-01
4.438877043132914082e+02 2.000000000000000000e+01 9.916084763852288653e-01
4.785501706531904915e+02 1.300000000000000000e+01 9.925883590541816348e-01
5.284831720860645419e+02 2.000000000000000000e+01 9.936929751783699638e-01
6.727914669619814276e+02 1.500000000000000000e+01 9.957860498039607933e-01
8.004538892312831422e+02 2.000000000000000000e+00 9.968358741503865472e-01
9.085818880016933008e+02 1.700000000000000000e+01 9.974668520048941556e-01
1.192233362219261380e+03 1.000000000000000000e+01 9.984148988982854966e-01
1.354025454891167556e+03 1.000000000000000000e+01 9.987313564503882413e-01
1.504077865733893759e+03 2.000000000000000000e+01 9.989424572507142885e-01
1.576279057852462756e+03 5.000000000000000000e+00 9.990236797460102514e-01
1.636035261650727989e+03 0.000000000000000000e+00 9.990933120411127355e-01
1.706206332642155303e+03 0.000000000000000000e+00 9.991536707318789956e-01
