2.307199999999999704e+02 2.000000000000000000e+01 8.102913470472266066e-01
2.306600000000000250e+02 0.000000000000000000e+00 8.937833789258481376e-01
2.303600000000000421e+02 2.000000000000000000e+01 9.295542486353367551e-01
2.287999999999999829e+02 0.000000000000000000e+00 9.471787799669085794e-01
1.355200000000000102e+02 2.000000000000000000e+01 9.583710198171132566e-01
1.514800000000000182e+02 2.000000000000000000e+01 9.644302191089185738e-01
1.706600000000000250e+02 2.000000000000000000e+01 9.686926211586632807e-01
2.395399999999999636e+02 0.000000000000000000e+00 9.748056603717750734e-01
3.137999999999999545e+02 0.000000000000000000e+00 9.841412995051832535e-01
3.663800000000000523e+02 2.000000000000000000e+01 9.872757737036217396e-01
4.734834211995694773e+02 1.800000000000000000e+01 9.914830974303691091e-01
5.111865942118231487e+02 1.100000000000000000e+01 9.924776220782677294e-01
5.666011064026074564e+02 1.000000000000000000e+00 9.935986153902757190e-01
7.263672481592678878e+02 2.000000000000000000e+00 9.957224463883032062e-01
8.622899476715033416e+02 2.000000000000000000e+01 9.967876495652659985e-01
9.854226138239505417e+02 0.000000000000000000e+00 9.974279076694402280e-01
1.297148974039598670e+03 2.000000000000000000e+00 9.983899769610443675e-01
1.481596973237604516e+03 0.000000000000000000e+00 9.987111778612659529e-01
1.641672571693389273e+03 1.600000000000000000e+01 9.989254720319771241e-01
1.723597471079607431e+03 2.000000000000000000e+01 9.990079304009676919e-01
1.797238697055035118e+03 0.000000000000000000e+00 9.990786264382235382e-01
1.876144653493554870e+03 2.000000000000000000e+01 9.991399082008688426e-01
