1.013199999999999648e+02 0.000000000000000000e+00 2.436756409238993171e-01
1.034600000000000080e+02 0.000000000000000000e+00 3.269629453250412210e-01
1.059600000000000364e+02 2.000000000000000000e+01 3.914467598547055061e-01
1.086999999999999886e+02 0.000000000000000000e+00 4.410686459103092538e-01
1.118199999999999932e+02 0.000000000000000000e+00 4.790099734202651338e-01
1.152800000000000296e+02 2.000000000000000000e+01 5.078403757163238996e-01
1.192600000000000193e+02 2.000000000000000000e+01 5.296396384512576105e-01
2.279399999999999693e+02 2.000000000000000000e+01 5.430282712148529756e-01
2.546999999999999886e+02 2.000000000000000000e+01 6.423668847852902486e-01
2.713800000000000523e+02 2.000000000000000000e+01 6.733309818211937747e-01
4.192799999999999727e+02 9.000000000000000000e+00 7.277575828472425679e-01
5.466690658693968317e+02 2.000000000000000000e+01 7.422664030792435197e-01
5.712281119922014341e+02 1.900000000000000000e+01 7.607227855806273364e-01
8.834179327621732227e+02 1.000000000000000000e+00 7.997750410783559527e-01
1.319900485190995369e+03 0.000000000000000000e+00 8.229090535112298932e-01
1.645647736132283399e+03 0.000000000000000000e+00 8.385188398605961657e-01
2.891374143994873521e+03 1.400000000000000000e+01 8.651012819809706933e-01
3.696705615816940281e+03 1.700000000000000000e+01 8.753639264274379883e-01
4.639710782146457859e+03 2.000000000000000000e+00 8.827593347284720116e-01
5.114974508588901699e+03 0.000000000000000000e+00 8.857549372170280266e-01
5.591801169884506635e+03 3.000000000000000000e+00 8.884005671201030685e-01
6.070781529067746305e+03 2.000000000000000000e+01 8.907569302818210133e-01
