3.824199999999999591e+02 0.000000000000000000e+00 8.214156876567934029e-01
3.803600000000000136e+02 2.000000000000000000e+01 8.994342994606803199e-01
3.766600000000000250e+02 2.000000000000000000e+01 9.323401900494131533e-01
3.109000000000000341e+02 2.000000000000000000e+01 9.493303613828795173e-01
3.069199999999999591e+02 0.000000000000000000e+00 9.584741988870945084e-01
2.473800000000000239e+02 2.000000000000000000e+01 9.647610838434433900e-01
1.944600000000000080e+02 0.000000000000000000e+00 9.692592329697875542e-01
1.915399999999999636e+02 2.000000000000000000e+01 9.753430463732721822e-01
2.888999999999999773e+02 2.000000000000000000e+01 9.844359812501871643e-01
3.354800000000000750e+02 0.000000000000000000e+00 9.875101969299729943e-01
4.347799999999999727e+02 0.000000000000000000e+00 9.916386477766316876e-01
4.696199999999999477e+02 2.000000000000000000e+00 9.926150121086163569e-01
5.177803428549954106e+02 1.000000000000000000e+00 9.937156791685989310e-01
6.599373448599709491e+02 1.800000000000000000e+01 9.958013335584539050e-01
7.790113248123158201e+02 1.000000000000000000e+00 9.968474435023477742e-01
8.894156843398957335e+02 9.000000000000000000e+00 9.974761857956280231e-01
1.167993928791248891e+03 0.000000000000000000e+00 9.984208455453601472e-01
1.323405558034343358e+03 0.000000000000000000e+00 9.987361611419068863e-01
1.458362202821634810e+03 2.000000000000000000e+01 9.989464969831816088e-01
1.540847425486515931e+03 1.000000000000000000e+00 9.990274237548713021e-01
1.604855119209197710e+03 2.000000000000000000e+01 9.990968017614282326e-01
1.689008458977423061e+03 1.000000000000000000e+01 9.991569201007028944e-01
