9.631999999999996476e+01 1.800000000000000000e+01 6.236952341441661662e-01
1.018600000000000136e+02 0.000000000000000000e+00 7.457858229579185094e-01
1.087600000000000477e+02 2.000000000000000000e+01 8.109345602725822610e-01
1.171999999999999886e+02 0.000000000000000000e+00 8.448155599852712472e-01
1.281200000000000045e+02 4.000000000000000000e+00 8.623908027506951290e-01
2.170800000000000125e+02 0.000000000000000000e+00 8.693330154201922566e-01
2.302600000000000193e+02 0.000000000000000000e+00 8.919491720165847459e-01
2.464399999999999693e+02 2.000000000000000000e+01 9.192321886658403329e-01
3.891000000000000227e+02 2.000000000000000000e+01 9.507836608568737136e-01
5.123587286598972241e+02 0.000000000000000000e+00 9.605989963991633518e-01
7.079714228261158269e+02 2.000000000000000000e+01 9.751059843477907219e-01
8.414252711351526841e+02 0.000000000000000000e+00 9.782639886574683308e-01
9.986504056755065903e+02 0.000000000000000000e+00 9.816984373032461297e-01
1.604124752237402845e+03 2.000000000000000000e+01 9.879002462817934038e-01
2.232367557975750515e+03 0.000000000000000000e+00 9.908449886936847584e-01
2.888476755869504359e+03 2.000000000000000000e+01 9.925511777170000771e-01
5.196306759421901916e+03 1.900000000000000000e+01 9.950401696026226483e-01
6.894994363415486987e+03 2.000000000000000000e+01 9.958559351035414231e-01
8.633892313745425781e+03 2.000000000000000000e+01 9.964000389878248098e-01
9.443680263627462409e+03 1.500000000000000000e+01 9.966099779501268463e-01
1.038127413677765981e+04 0.000000000000000000e+00 9.967907398830707644e-01
1.131543086165862951e+04 2.000000000000000000e+01 9.969480387948161937e-01
