9.751999999999995339e+01 0.000000000000000000e+00 5.414117033872797302e-01
1.021600000000000250e+02 2.000000000000000000e+01 6.649690520980383601e-01
1.076600000000000534e+02 0.000000000000000000e+00 7.377841557296391795e-01
1.143999999999999773e+02 0.000000000000000000e+00 7.797299414335534529e-01
1.227199999999999989e+02 2.000000000000000000e+01 8.035148978015949073e-01
1.339800000000000182e+02 2.000000000000000000e+01 8.174057516058276240e-01
2.274600000000000080e+02 2.000000000000000000e+01 8.318745382857841708e-01
2.426399999999999579e+02 2.000000000000000000e+01 8.703697923537415670e-01
3.816999999999999318e+02 0.000000000000000000e+00 9.148842710521343236e-01
4.132800000000000296e+02 1.000000000000000000e+01 9.317197594859605303e-01
6.885740624684052591e+02 2.000000000000000000e+01 9.538465867159591216e-01
7.264836731593859440e+02 0.000000000000000000e+00 9.588301835888045632e-01
8.762767946384085462e+02 0.000000000000000000e+00 9.648164008426969307e-01
1.461355926237705717e+03 0.000000000000000000e+00 9.759764822203553791e-01
2.069702547431344556e+03 2.000000000000000000e+01 9.814007257541700335e-01
2.695639826673106199e+03 1.900000000000000000e+01 9.846438245761646169e-01
4.756671177212998373e+03 2.000000000000000000e+01 9.894693917890901025e-01
6.327879368366021481e+03 2.000000000000000000e+01 9.910761183008939268e-01
8.043949655869179878e+03 1.100000000000000000e+01 9.921536385637488298e-01
8.858460488156668362e+03 1.300000000000000000e+01 9.925719736498223034e-01
9.759242708490170116e+03 0.000000000000000000e+00 9.929315289061734218e-01
1.061778373938572076e+04 0.000000000000000000e+00 9.932443108132207321e-01
