1.536199999999999477e+02 2.000000000000000000e+01 7.866730398865242613e-01
1.501600000000000250e+02 2.000000000000000000e+01 8.813081408162439789e-01
1.113600000000000421e+02 2.000000000000000000e+01 9.287091531083314644e-01
1.245000000000000000e+02 2.000000000000000000e+01 9.461582294376266189e-01
1.402199999999999989e+02 2.000000000000000000e+01 9.552229389373974033e-01
2.221800000000000068e+02 0.000000000000000000e+00 9.606820408448536464e-01
2.335600000000000023e+02 0.000000000000000000e+00 9.662236310381074889e-01
2.533399999999999750e+02 2.000000000000000000e+00 9.732953410658207183e-01
3.675999999999999091e+02 0.000000000000000000e+00 9.832231590012360245e-01
4.154799999999999613e+02 2.000000000000000000e+01 9.865572050786540759e-01
5.505123027741260557e+02 0.000000000000000000e+00 9.910057594797575531e-01
5.985660565389470094e+02 5.000000000000000000e+00 9.920552570265263048e-01
6.657492345144023602e+02 1.900000000000000000e+01 9.932385197911882679e-01
8.642357180106001806e+02 2.000000000000000000e+01 9.954783480603384138e-01
1.038266128637444581e+03 1.400000000000000000e+01 9.966015887541611606e-01
1.195106637181438373e+03 1.300000000000000000e+01 9.972769027473274983e-01
1.605826987490969714e+03 8.000000000000000000e+00 9.982923188747144794e-01
1.845000721463735317e+03 0.000000000000000000e+00 9.986316542379227723e-01
2.067798032632794730e+03 0.000000000000000000e+00 9.988582025134090658e-01
2.174007543934557361e+03 2.000000000000000000e+01 9.989454148734320249e-01
2.280626214897353748e+03 2.000000000000000000e+01 9.990202076165288769e-01
2.377446331622806611e+03 2.000000000000000000e+01 9.990850648560335445e-01
