3.033199999999999363e+02 0.000000000000000000e+00 8.113992135612531076e-01
3.010600000000000591e+02 2.000000000000000000e+01 8.943880983784500138e-01
2.360600000000000591e+02 2.000000000000000000e+01 9.321966628167571711e-01
2.368999999999999773e+02 0.000000000000000000e+00 9.485112629802204820e-01
2.357199999999999989e+02 0.000000000000000000e+00 9.580072066875898740e-01
1.483800000000000239e+02 0.000000000000000000e+00 9.647239997467927930e-01
1.651600000000000250e+02 0.000000000000000000e+00 9.690807339341477311e-01
2.135399999999999636e+02 2.000000000000000000e+01 9.750609230557913953e-01
3.031000000000000227e+02 0.000000000000000000e+00 9.842910384149425873e-01
3.523800000000000523e+02 2.000000000000000000e+01 9.873941940911672432e-01
4.553799999999999955e+02 0.000000000000000000e+00 9.915616447213048135e-01
4.938454713952889961e+02 1.000000000000000000e+00 9.925469931922705769e-01
5.445930089560803253e+02 0.000000000000000000e+00 9.936577346755776086e-01
6.959190038186770835e+02 7.000000000000000000e+00 9.957623144945213500e-01
8.240084626764229370e+02 1.100000000000000000e+01 9.968178934296363369e-01
9.384062837617996138e+02 0.000000000000000000e+00 9.974523368494081499e-01
1.236904889034343796e+03 0.000000000000000000e+00 9.984056289647090798e-01
1.404283698661470453e+03 0.000000000000000000e+00 9.987238565311504779e-01
1.557379173709241741e+03 0.000000000000000000e+00 9.989361535086430655e-01
1.634092123809471332e+03 0.000000000000000000e+00 9.990178349043155048e-01
1.700130950665329010e+03 1.000000000000000000e+00 9.990878631429193080e-01
1.765860781997711229e+03 1.100000000000000000e+01 9.991485652807745588e-01
