9.261999999999994770e+01 0.000000000000000000e+00 7.767176066502737841e-01
1.012600000000000193e+02 7.000000000000000000e+00 8.748750920860222102e-01
1.117600000000000477e+02 0.000000000000000000e+00 9.170982638565079448e-01
1.245999999999999943e+02 0.000000000000000000e+00 9.358659799741814167e-01
1.411200000000000045e+02 0.000000000000000000e+00 9.451986130669435271e-01
2.247800000000000296e+02 0.000000000000000000e+00 9.528397915352502245e-01
2.357600000000000193e+02 2.000000000000000000e+01 9.605446151236513019e-01
2.570399999999999636e+02 2.000000000000000000e+01 9.694493586010684005e-01
3.966000000000000227e+02 0.000000000000000000e+00 9.811730190392092821e-01
5.004800000000000750e+02 0.000000000000000000e+00 9.849204670700157926e-01
6.644927231693291105e+02 2.000000000000000000e+01 9.899640250028380883e-01
7.085180330874071615e+02 2.000000000000000000e+01 9.911344548452091230e-01
8.115403118401851543e+02 0.000000000000000000e+00 9.924542955621193929e-01
1.080817841773196506e+03 0.000000000000000000e+00 9.949420777433850560e-01
1.321076199109923209e+03 0.000000000000000000e+00 9.961890713535446196e-01
1.549902216352827054e+03 1.000000000000000000e+00 9.969392942596749796e-01
2.140597126391638085e+03 0.000000000000000000e+00 9.980694532076006542e-01
2.499199999999999818e+03 0.000000000000000000e+00 9.984483086270130592e-01
2.845867877677434990e+03 2.000000000000000000e+01 9.987016531893831983e-01
3.002897217616112357e+03 2.000000000000000000e+00 9.987993592959616418e-01
3.164006265668104788e+03 2.000000000000000000e+01 9.988832143555852472e-01
3.308663515601229392e+03 2.000000000000000000e+01 9.989559725677010782e-01
