1.001199999999999477e+02 2.000000000000000000e+01 3.374973864281286540e-01
1.029600000000000080e+02 1.300000000000000000e+01 4.405105412736048942e-01
1.062600000000000477e+02 2.000000000000000000e+01 5.143666824400664472e-01
1.100000000000000000e+02 0.000000000000000000e+00 5.667767822094625929e-01
1.143199999999999932e+02 0.000000000000000000e+00 6.035766024361448601e-01
1.194800000000000182e+02 2.000000000000000000e+01 6.291926175503862462e-01
1.256600000000000250e+02 0.000000000000000000e+00 6.470102641909004637e-01
2.347399999999999523e+02 0.000000000000000000e+00 6.746471678789117687e-01
2.636999999999999318e+02 2.000000000000000000e+01 7.592880463868050267e-01
3.884800000000000750e+02 2.000000000000000000e+01 7.858847201682601646e-01
5.469958606340081815e+02 0.000000000000000000e+00 8.328028847142002755e-01
5.676150286377176144e+02 2.000000000000000000e+01 8.447134837108019045e-01
7.083468514076644169e+02 1.100000000000000000e+01 8.591707236485808252e-01
1.152435029959480516e+03 0.000000000000000000e+00 8.882862829241865432e-01
1.493682144561702898e+03 2.000000000000000000e+01 9.050565582896955563e-01
1.957594162825589592e+03 0.000000000000000000e+00 9.157782663722983107e-01
3.510462426261419296e+03 1.900000000000000000e+01 9.334067644971225652e-01
4.486537010862179159e+03 1.000000000000000000e+01 9.399216804772867473e-01
5.728530518900978677e+03 2.000000000000000000e+00 9.445233806615817018e-01
6.355098984543748884e+03 2.000000000000000000e+01 9.463572466112233350e-01
6.855892730338390720e+03 0.000000000000000000e+00 9.479660573572361582e-01
7.487841735245325253e+03 3.000000000000000000e+00 9.493911970281001533e-01
