9.581999999999996476e+01 1.800000000000000000e+01 6.538487785946786035e-01
1.018600000000000136e+02 2.000000000000000000e+01 7.737197422600913255e-01
1.092600000000000477e+02 2.000000000000000000e+01 8.351476966893257581e-01
1.185000000000000000e+02 2.000000000000000000e+01 8.658577909771247860e-01
1.305200000000000102e+02 2.000000000000000000e+01 8.813558835895390908e-01
2.192800000000000296e+02 2.000000000000000000e+01 8.902388816995078225e-01
2.313600000000000136e+02 2.000000000000000000e+01 9.100732986867350327e-01
2.482399999999999523e+02 2.000000000000000000e+01 9.331692211608434429e-01
3.922999999999999545e+02 2.000000000000000000e+01 9.600975575021325481e-01
5.193205510037417980e+02 1.000000000000000000e+00 9.684792832503493765e-01
7.194926055096582331e+02 2.000000000000000000e+01 9.800166305121671417e-01
8.501194475517371529e+02 0.000000000000000000e+00 9.826234657793457838e-01
1.010102258591043210e+03 2.000000000000000000e+01 9.853706656045907453e-01
1.619726315688565592e+03 2.000000000000000000e+01 9.903286974668282783e-01
2.257067759131544790e+03 0.000000000000000000e+00 9.926655701689587330e-01
2.958728721576108001e+03 0.000000000000000000e+00 9.940247785646590950e-01
5.116785557863041504e+03 2.000000000000000000e+01 9.960174116718238935e-01
6.395323883627172108e+03 1.100000000000000000e+01 9.966805422033524486e-01
7.327123247494610041e+03 0.000000000000000000e+00 9.971306470740980421e-01
7.923863859551987844e+03 0.000000000000000000e+00 9.973077945005551781e-01
8.276059977099890602e+03 2.000000000000000000e+01 9.974620602544813641e-01
8.725397240396661800e+03 8.000000000000000000e+00 9.975978694852404294e-01
